
 [2, 456] 
 [2, 456] 
 [2, 456] 
 [2, 456] 
 [2, 456] 
 [2, 456] 
 [2, 456] 
 [2, 456] 
 [2, 456] 
 [2, 456] 
 [2, 456] 
 [2, 456] 
 [2, 456] 
 [2, 456] 
 [2, 456] 
 [2, 456] 
 [2, 456] 
 [2, 456] 
 [2, 456] 
 [2, 456] 
 [2, 456] 
 [2, 456] 
 [2, 456] 
 [2, 456] 
 [2, 456] 
 [2, 456] 
 [2, 456] 
 ['\n [2, 456] \n [2, 456] \n [2, 456] \n [2, 456] \n [2, 456] \n [2, 456] \n [2, 456] \n [2, 456] \n [2, 456] \n [2, 456] \n [2, 456] \n [2, 456] \n [2, 456] \n [2, 456] \n [2, 456] \n [2, 456] \n [2, 456] \n [2, 456] \n [2, 456] \n [2, 456] \n [2, 456] \n [2, 456] \n [2, 456] \n [2, 456] \n [2, 456] \n [2, 456] \n [2, 456] ', '\n [2, 456] \n [2, 456] \n [2, 456] \n [2, 456] \n [2, 456] \n [2, 456] \n [2, 456] \n [2, 456] \n [2, 456] \n [2, 456] \n [2, 456] \n [2, 456] \n [2, 456] \n [2, 456] \n [2, 456] \n [2, 456] \n [2, 456] \n [2, 456] \n [2, 456] \n [2, 456] \n [2, 456] \n [2, 456] \n [2, 456] \n [2, 456] \n [2, 456] \n [2, 456] \n [2, 456] '] 